,burstduration_1,burstinterval_1,Ku_1,CorrDim_1,PSD_3_to_7_1,PSD_12_to_30_1,PSD_20_to_40_1,levodopa_1
burstduration_1,1.0,0.07273666207183667,0.03373363659090944,-0.011487316517694246,0.04967175355706015,-0.030149789688160705,-0.0262554730510281,-0.006386792330367659
burstinterval_1,0.07273666207183667,1.0,0.07003511556532294,0.018504286014529418,0.3972852292728084,0.3622518333970582,0.37011275735569793,0.22950821294867893
Ku_1,0.03373363659090944,0.07003511556532294,1.0,0.06659820990372335,-0.42959385265589406,-0.4228517680859929,-0.412473912754357,-0.3782106099175522
CorrDim_1,-0.011487316517694246,0.018504286014529418,0.06659820990372335,1.0,-0.3327487849413724,-0.30568024398311033,-0.3148794048893504,0.07043097044716164
PSD_3_to_7_1,0.04967175355706015,0.3972852292728084,-0.42959385265589406,-0.3327487849413724,1.0,0.9325355783222209,0.9582627177280135,0.06823931525722238
PSD_12_to_30_1,-0.030149789688160705,0.3622518333970582,-0.4228517680859929,-0.30568024398311033,0.9325355783222209,1.0,0.9830004234664564,-0.04523070299785771
PSD_20_to_40_1,-0.0262554730510281,0.37011275735569793,-0.412473912754357,-0.3148794048893504,0.9582627177280135,0.9830004234664564,1.0,-0.022096580897682735
levodopa_1,-0.006386792330367659,0.22950821294867893,-0.3782106099175522,0.07043097044716164,0.06823931525722238,-0.04523070299785771,-0.022096580897682735,1.0
""
,burstduration_10,burstinterval_10,Ku_10,CorrDim_10,PSD_3_to_7_10,PSD_12_to_30_10,PSD_20_to_40_10,levodopa_10
burstduration_10,1.0,-0.06886252850698743,-0.16747019233505267,-0.05102528979921671,0.018184666014080902,-0.09937629039529283,0.019705372236518248,0.15575497015381495
burstinterval_10,-0.06886252850698743,1.0,-0.08742594055396505,0.08147434429617105,-0.030805028995939246,-0.17868088823724468,-0.09835076647873044,-0.32696300150522434
Ku_10,-0.16747019233505267,-0.08742594055396505,1.0,0.05084760051163816,-0.12790866769336348,0.042763292946481346,-0.06322828938289173,-0.05630397935018048
CorrDim_10,-0.05102528979921671,0.08147434429617105,0.05084760051163816,1.0,0.13453440621946916,-0.12134494594584969,0.13822279243301155,-0.04600942481538325
PSD_3_to_7_10,0.018184666014080902,-0.030805028995939246,-0.12790866769336348,0.13453440621946916,1.0,0.6906391514081415,0.891203894714564,-0.13993266633239188
PSD_12_to_30_10,-0.09937629039529283,-0.17868088823724468,0.042763292946481346,-0.12134494594584969,0.6906391514081415,1.0,0.6832179065519187,0.08139431210987615
PSD_20_to_40_10,0.019705372236518248,-0.09835076647873044,-0.06322828938289173,0.13822279243301155,0.891203894714564,0.6832179065519187,1.0,-0.18582257444011385
levodopa_10,0.15575497015381495,-0.32696300150522434,-0.05630397935018048,-0.04600942481538325,-0.13993266633239188,0.08139431210987615,-0.18582257444011385,1.0
""
,burstduration_11,burstinterval_11,Ku_11,CorrDim_11,PSD_3_to_7_11,PSD_12_to_30_11,PSD_20_to_40_11,levodopa_11
burstduration_11,1.0,0.09620795662157282,-0.31707204286913554,0.08736327915135246,-0.20478557772328662,-0.18004040810528307,-0.20303866507357682,0.05476444986337792
burstinterval_11,0.09620795662157282,1.0,0.24057008932793278,-0.6138590327551081,0.07359315382346741,0.14150489591927234,0.047291339818014054,-0.36974872301225387
Ku_11,-0.31707204286913554,0.24057008932793278,1.0,-0.462924950300897,0.7266868864860951,0.7352583036192422,0.718512786768869,-0.30472340324617053
CorrDim_11,0.08736327915135246,-0.6138590327551081,-0.462924950300897,1.0,-0.4462191154792655,-0.4444161303409107,-0.40222052401386504,0.4566058513761294
PSD_3_to_7_11,-0.20478557772328662,0.07359315382346741,0.7266868864860951,-0.4462191154792655,1.0,0.8435716757085764,0.9780949911481657,-0.08262225461275471
PSD_12_to_30_11,-0.18004040810528307,0.14150489591927234,0.7352583036192422,-0.4444161303409107,0.8435716757085764,1.0,0.8274541768900113,-0.12060893566279982
PSD_20_to_40_11,-0.20303866507357682,0.047291339818014054,0.718512786768869,-0.40222052401386504,0.9780949911481657,0.8274541768900113,1.0,-0.07462841016259908
levodopa_11,0.05476444986337792,-0.36974872301225387,-0.30472340324617053,0.4566058513761294,-0.08262225461275471,-0.12060893566279982,-0.07462841016259908,1.0
""
,burstduration_12,burstinterval_12,Ku_12,CorrDim_12,PSD_3_to_7_12,PSD_12_to_30_12,PSD_20_to_40_12,levodopa_12
burstduration_12,1.0,-0.2188792631508138,-0.0028436356137653837,0.22056040763463186,0.3546341810397511,0.3515719125987372,0.37025123244733893,0.28966004942438167
burstinterval_12,-0.2188792631508138,1.0,0.024002291634408934,0.24886100021217164,-0.599341001885113,-0.5951109735920733,-0.5934793726499659,-0.08327732048646587
Ku_12,-0.0028436356137653837,0.024002291634408934,1.0,-0.22577169627577204,0.23389928941775728,0.3345630303927829,0.19727154006565456,0.14286588480135226
CorrDim_12,0.22056040763463186,0.24886100021217164,-0.22577169627577204,1.0,-0.242841554344364,-0.27947798290279613,-0.2081005601770224,-0.11017856293255739
PSD_3_to_7_12,0.3546341810397511,-0.599341001885113,0.23389928941775728,-0.242841554344364,1.0,0.9817228938937216,0.9950410882530324,0.46110812923114247
PSD_12_to_30_12,0.3515719125987372,-0.5951109735920733,0.3345630303927829,-0.27947798290279613,0.9817228938937216,1.0,0.9744079914175913,0.47971356059933856
PSD_20_to_40_12,0.37025123244733893,-0.5934793726499659,0.19727154006565456,-0.2081005601770224,0.9950410882530324,0.9744079914175913,1.0,0.4509077975648083
levodopa_12,0.28966004942438167,-0.08327732048646587,0.14286588480135226,-0.11017856293255739,0.46110812923114247,0.47971356059933856,0.4509077975648083,1.0
""
,burstduration_13,burstinterval_13,Ku_13,CorrDim_13,PSD_3_to_7_13,PSD_12_to_30_13,PSD_20_to_40_13,levodopa_13
burstduration_13,1.0,0.25757412700354676,0.08550922806986685,0.22102485844460895,-0.26397441474010735,-0.27571514713590933,-0.2850220631321807,0.07856477926062
burstinterval_13,0.25757412700354676,1.0,0.1322898484964781,0.4740402363842463,-0.5377341013024015,-0.5395396116730897,-0.5459286648889599,0.45914309460512076
Ku_13,0.08550922806986685,0.1322898484964781,1.0,0.11379923765565106,-0.03149768764858134,0.05576227734945358,-0.006716720739294818,-0.07314255047720927
CorrDim_13,0.22102485844460895,0.4740402363842463,0.11379923765565106,1.0,-0.4364848379376943,-0.4297762093155085,-0.4055915485440516,0.3522732273642772
PSD_3_to_7_13,-0.26397441474010735,-0.5377341013024015,-0.03149768764858134,-0.4364848379376943,1.0,0.9895204659632668,0.9900723977067021,-0.7167434435730042
PSD_12_to_30_13,-0.27571514713590933,-0.5395396116730897,0.05576227734945358,-0.4297762093155085,0.9895204659632668,1.0,0.98636352632141,-0.7431863945989672
PSD_20_to_40_13,-0.2850220631321807,-0.5459286648889599,-0.006716720739294818,-0.4055915485440516,0.9900723977067021,0.98636352632141,1.0,-0.7161042603671782
levodopa_13,0.07856477926062,0.45914309460512076,-0.07314255047720927,0.3522732273642772,-0.7167434435730042,-0.7431863945989672,-0.7161042603671782,1.0
""
,burstduration_14,burstinterval_14,Ku_14,CorrDim_14,PSD_3_to_7_14,PSD_12_to_30_14,PSD_20_to_40_14,levodopa_14
burstduration_14,1.0,0.3271362175775543,0.26695496613289466,0.2283622686256752,0.18457031300585378,0.1654068486586757,0.185457052504774,0.0743988805050889
burstinterval_14,0.3271362175775543,1.0,0.5391726094628202,0.5486867521867866,0.19554691345855577,0.14667846138619445,0.25953107828609656,0.09118737006449656
Ku_14,0.26695496613289466,0.5391726094628202,1.0,0.5642512412886446,-0.22329924500437026,-0.17247845445534576,-0.21554600146530725,0.1365333582804936
CorrDim_14,0.2283622686256752,0.5486867521867866,0.5642512412886446,1.0,0.18639819664029897,0.12310762415615402,0.20077398770546384,0.08510097413993067
PSD_3_to_7_14,0.18457031300585378,0.19554691345855577,-0.22329924500437026,0.18639819664029897,1.0,0.9028904136430993,0.9659820285754799,0.1818955647341539
PSD_12_to_30_14,0.1654068486586757,0.14667846138619445,-0.17247845445534576,0.12310762415615402,0.9028904136430993,1.0,0.8873069987376174,0.11783222175389632
PSD_20_to_40_14,0.185457052504774,0.25953107828609656,-0.21554600146530725,0.20077398770546384,0.9659820285754799,0.8873069987376174,1.0,0.1554141371437278
levodopa_14,0.0743988805050889,0.09118737006449656,0.1365333582804936,0.08510097413993067,0.1818955647341539,0.11783222175389632,0.1554141371437278,1.0
""
,burstduration_15,burstinterval_15,Ku_15,CorrDim_15,PSD_3_to_7_15,PSD_12_to_30_15,PSD_20_to_40_15,levodopa_15
burstduration_15,1.0,0.1993173445746565,-0.015858817746612398,-0.04498183483228902,-0.02363270840390018,-0.04000965692712793,-0.011274420125503452,-0.0068099260944254085
burstinterval_15,0.1993173445746565,1.0,0.5585405767052608,0.10896942087962476,0.04353579544433927,0.05803881860507206,0.036506796892869224,0.006330785411150801
Ku_15,-0.015858817746612398,0.5585405767052608,1.0,-0.05452027611975853,-0.029274677901529614,0.0022541308495065693,-0.03804636893467252,-0.054021220868001145
CorrDim_15,-0.04498183483228902,0.10896942087962476,-0.05452027611975853,1.0,-0.02918780646577485,-0.07635008888868915,-0.031719435532144194,-0.42204554096998975
PSD_3_to_7_15,-0.02363270840390018,0.04353579544433927,-0.029274677901529614,-0.02918780646577485,1.0,0.9901109194015604,0.9973620048799412,-0.22643500824522678
PSD_12_to_30_15,-0.04000965692712793,0.05803881860507206,0.0022541308495065693,-0.07635008888868915,0.9901109194015604,1.0,0.9869596657029417,-0.184943608037021
PSD_20_to_40_15,-0.011274420125503452,0.036506796892869224,-0.03804636893467252,-0.031719435532144194,0.9973620048799412,0.9869596657029417,1.0,-0.2308920380640063
levodopa_15,-0.0068099260944254085,0.006330785411150801,-0.054021220868001145,-0.42204554096998975,-0.22643500824522678,-0.184943608037021,-0.2308920380640063,1.0
""
,burstduration_16,burstinterval_16,Ku_16,CorrDim_16,PSD_3_to_7_16,PSD_12_to_30_16,PSD_20_to_40_16,levodopa_16
burstduration_16,1.0,-0.03134104478257641,-0.3270676776291777,0.22930911566366005,-0.44749099371689965,-0.35883654988251457,-0.4654254290261221,0.117840711576899
burstinterval_16,-0.03134104478257641,1.0,0.14953973692254918,0.19039134399754212,-0.13350688330879956,-0.2236818273908808,-0.2136480749663902,-0.014191299998334213
Ku_16,-0.3270676776291777,0.14953973692254918,1.0,0.041063894044825786,0.356323717881299,0.09917318357059811,0.38164784522945827,0.11119849536600872
CorrDim_16,0.22930911566366005,0.19039134399754212,0.041063894044825786,1.0,-0.1887551645092414,-0.06386437092746493,-0.2555698259171199,-0.027872105132465325
PSD_3_to_7_16,-0.44749099371689965,-0.13350688330879956,0.356323717881299,-0.1887551645092414,1.0,0.6951700842270878,0.9246867691677949,-0.07323210263022076
PSD_12_to_30_16,-0.35883654988251457,-0.2236818273908808,0.09917318357059811,-0.06386437092746493,0.6951700842270878,1.0,0.6312784031344981,-0.3536971873331978
PSD_20_to_40_16,-0.4654254290261221,-0.2136480749663902,0.38164784522945827,-0.2555698259171199,0.9246867691677949,0.6312784031344981,1.0,0.12275920797594655
levodopa_16,0.117840711576899,-0.014191299998334213,0.11119849536600872,-0.027872105132465325,-0.07323210263022076,-0.3536971873331978,0.12275920797594655,1.0
""
,burstduration_2,burstinterval_2,Ku_2,CorrDim_2,PSD_3_to_7_2,PSD_12_to_30_2,PSD_20_to_40_2,levodopa_2
burstduration_2,1.0,-0.05221032062581294,-0.28856276788449,0.02909567037335446,-0.17942427861461516,-0.18324506855527017,-0.17020092636950632,-0.28801886583588243
burstinterval_2,-0.05221032062581294,1.0,-0.017302723779585562,0.2405547949328744,-0.015226990906017377,-0.0938701771592326,0.006292982359214933,0.005008590950919476
Ku_2,-0.28856276788449,-0.017302723779585562,1.0,0.06535443991650211,-0.02489760928421709,-0.0727956141156446,-0.06374586581885926,0.1918290796454176
CorrDim_2,0.02909567037335446,0.2405547949328744,0.06535443991650211,1.0,-0.26654439971124916,-0.37266635558965816,-0.26656058008073746,-0.012662124840717827
PSD_3_to_7_2,-0.17942427861461516,-0.015226990906017377,-0.02489760928421709,-0.26654439971124916,1.0,0.9364100957143049,0.9901608693215098,0.2775954965634215
PSD_12_to_30_2,-0.18324506855527017,-0.0938701771592326,-0.0727956141156446,-0.37266635558965816,0.9364100957143049,1.0,0.9391594303333408,0.215148079345387
PSD_20_to_40_2,-0.17020092636950632,0.006292982359214933,-0.06374586581885926,-0.26656058008073746,0.9901608693215098,0.9391594303333408,1.0,0.24216449658855882
levodopa_2,-0.28801886583588243,0.005008590950919476,0.1918290796454176,-0.012662124840717827,0.2775954965634215,0.215148079345387,0.24216449658855882,1.0
""
,burstduration_3,burstinterval_3,Ku_3,CorrDim_3,PSD_3_to_7_3,PSD_12_to_30_3,PSD_20_to_40_3,levodopa_3
burstduration_3,1.0,-0.3499799191146451,0.009931451736565972,-0.21523462543134642,-0.11295550798056062,-0.03756464897878195,-0.0918638405836291,0.2582508635931315
burstinterval_3,-0.3499799191146451,1.0,-0.014944033653292312,0.20199645616116416,0.18750038836086425,-0.003282227810154556,0.09781284526011862,-0.08090661838105645
Ku_3,0.009931451736565972,-0.014944033653292312,1.0,-0.042252004460616,-0.14064116196686033,0.1255082370629311,-0.00921466374319232,-0.05512518956770475
CorrDim_3,-0.21523462543134642,0.20199645616116416,-0.042252004460616,1.0,-0.07410573277757279,-0.07167995413340163,-0.11772532517730545,0.08195949003126954
PSD_3_to_7_3,-0.11295550798056062,0.18750038836086425,-0.14064116196686033,-0.07410573277757279,1.0,0.8877238298745441,0.9701244603488063,0.5902520679905812
PSD_12_to_30_3,-0.03756464897878195,-0.003282227810154556,0.1255082370629311,-0.07167995413340163,0.8877238298745441,1.0,0.9503893658598265,0.5871877269506741
PSD_20_to_40_3,-0.0918638405836291,0.09781284526011862,-0.00921466374319232,-0.11772532517730545,0.9701244603488063,0.9503893658598265,1.0,0.575593561282479
levodopa_3,0.2582508635931315,-0.08090661838105645,-0.05512518956770475,0.08195949003126954,0.5902520679905812,0.5871877269506741,0.575593561282479,1.0
""
,burstduration_4,burstinterval_4,Ku_4,CorrDim_4,PSD_3_to_7_4,PSD_12_to_30_4,PSD_20_to_40_4,levodopa_4
burstduration_4,1.0,-0.013675905014293895,0.1682151585399824,-0.2205515518803634,-0.3151523920943132,-0.18052146401609045,-0.37439588560287695,0.4554171768767182
burstinterval_4,-0.013675905014293895,1.0,0.06428082933115185,0.02226791669588199,0.005111528442506283,-0.009902555000169401,-0.06453616236946451,0.3749143877196949
Ku_4,0.1682151585399824,0.06428082933115185,1.0,-0.08089291231400444,-0.4277134753986395,-0.436806997750544,-0.40423559603202097,0.2278058670446105
CorrDim_4,-0.2205515518803634,0.02226791669588199,-0.08089291231400444,1.0,0.012369693122898928,0.06516862331368141,0.01387140230418784,-0.04906493057525374
PSD_3_to_7_4,-0.3151523920943132,0.005111528442506283,-0.4277134753986395,0.012369693122898928,1.0,0.9124018972327235,0.9724184971865911,-0.29216197521184156
PSD_12_to_30_4,-0.18052146401609045,-0.009902555000169401,-0.436806997750544,0.06516862331368141,0.9124018972327235,1.0,0.8699029351087719,-0.35154061865964714
PSD_20_to_40_4,-0.37439588560287695,-0.06453616236946451,-0.40423559603202097,0.01387140230418784,0.9724184971865911,0.8699029351087719,1.0,-0.34124540152137267
levodopa_4,0.4554171768767182,0.3749143877196949,0.2278058670446105,-0.04906493057525374,-0.29216197521184156,-0.35154061865964714,-0.34124540152137267,1.0
""
,burstduration_5,burstinterval_5,Ku_5,CorrDim_5,PSD_3_to_7_5,PSD_12_to_30_5,PSD_20_to_40_5,levodopa_5
burstduration_5,1.0,-0.13791672898480362,-0.36975426643114184,0.1625534847981573,-0.24698114123631168,-0.42206717940186317,-0.2442405164939482,0.22004559350048003
burstinterval_5,-0.13791672898480362,1.0,0.1094606099561656,-0.1690636644024749,0.3581614942484544,0.3059976624857878,0.35902246182574,-0.15546792627740302
Ku_5,-0.36975426643114184,0.1094606099561656,1.0,-0.3876887607492626,-0.3500044611019684,-0.05027347702649963,-0.3163331527938909,0.36338551057346646
CorrDim_5,0.1625534847981573,-0.1690636644024749,-0.3876887607492626,1.0,0.08969732655950687,0.01339500853039984,0.0937286152982473,-0.0371577028899352
PSD_3_to_7_5,-0.24698114123631168,0.3581614942484544,-0.3500044611019684,0.08969732655950687,1.0,0.8812657918329627,0.9893138407173591,-0.7655401366134961
PSD_12_to_30_5,-0.42206717940186317,0.3059976624857878,-0.05027347702649963,0.01339500853039984,0.8812657918329627,1.0,0.8890166251270106,-0.735259935053027
PSD_20_to_40_5,-0.2442405164939482,0.35902246182574,-0.3163331527938909,0.0937286152982473,0.9893138407173591,0.8890166251270106,1.0,-0.7460178995852744
levodopa_5,0.22004559350048003,-0.15546792627740302,0.36338551057346646,-0.0371577028899352,-0.7655401366134961,-0.735259935053027,-0.7460178995852744,1.0
""
,burstduration_6,burstinterval_6,Ku_6,CorrDim_6,PSD_3_to_7_6,PSD_12_to_30_6,PSD_20_to_40_6,levodopa_6
burstduration_6,1.0,0.04581359506888502,-0.1645064499730589,-0.032162008221804365,0.014753277769223496,-0.04328166496091528,0.006113990972071721,0.3155480615260219
burstinterval_6,0.04581359506888502,1.0,0.6092167703272668,-0.029906043023559585,-0.23812622853301738,-0.24509356837879853,-0.2499734143504836,-0.10222924563819244
Ku_6,-0.1645064499730589,0.6092167703272668,1.0,-0.1561907177368992,-0.6615718581171357,-0.6226343293277317,-0.6688862702084182,-0.009404931185065047
CorrDim_6,-0.032162008221804365,-0.029906043023559585,-0.1561907177368992,1.0,0.10246007975294613,0.04960855134812155,0.0996009985675028,-0.29724065981139275
PSD_3_to_7_6,0.014753277769223496,-0.23812622853301738,-0.6615718581171357,0.10246007975294613,1.0,0.9729111839110564,0.9978051219792363,-0.3324801289597888
PSD_12_to_30_6,-0.04328166496091528,-0.24509356837879853,-0.6226343293277317,0.04960855134812155,0.9729111839110564,1.0,0.9769805794285416,-0.31170813607961867
PSD_20_to_40_6,0.006113990972071721,-0.2499734143504836,-0.6688862702084182,0.0996009985675028,0.9978051219792363,0.9769805794285416,1.0,-0.33039171348631885
levodopa_6,0.3155480615260219,-0.10222924563819244,-0.009404931185065047,-0.29724065981139275,-0.3324801289597888,-0.31170813607961867,-0.33039171348631885,1.0
""
,burstduration_7,burstinterval_7,Ku_7,CorrDim_7,PSD_3_to_7_7,PSD_12_to_30_7,PSD_20_to_40_7,levodopa_7
burstduration_7,1.0,-0.11112474949065913,-0.22250596306843032,0.1431693051343308,-0.21858575085762091,-0.1853845812100549,-0.21433088697409397,-0.13561603288571852
burstinterval_7,-0.11112474949065913,1.0,0.40631421535519296,-0.25730147431472966,0.5041251849147466,0.5227840775089388,0.516606499588041,0.020287660904547
Ku_7,-0.22250596306843032,0.40631421535519296,1.0,-0.3598324333223289,0.8006029135468647,0.7400993113344831,0.7948436130294072,0.29187518821094016
CorrDim_7,0.1431693051343308,-0.25730147431472966,-0.3598324333223289,1.0,-0.4401268970977803,-0.4339087723400828,-0.43826098638172434,-0.1855430853562564
PSD_3_to_7_7,-0.21858575085762091,0.5041251849147466,0.8006029135468647,-0.4401268970977803,1.0,0.9742688346323679,0.9878368895573424,0.4272015147417002
PSD_12_to_30_7,-0.1853845812100549,0.5227840775089388,0.7400993113344831,-0.4339087723400828,0.9742688346323679,1.0,0.9806981834062807,0.39675170045647
PSD_20_to_40_7,-0.21433088697409397,0.516606499588041,0.7948436130294072,-0.43826098638172434,0.9878368895573424,0.9806981834062807,1.0,0.42695066471158255
levodopa_7,-0.13561603288571852,0.020287660904547,0.29187518821094016,-0.1855430853562564,0.4272015147417002,0.39675170045647,0.42695066471158255,1.0
""
,burstduration_8,burstinterval_8,Ku_8,CorrDim_8,PSD_3_to_7_8,PSD_12_to_30_8,PSD_20_to_40_8,levodopa_8
burstduration_8,1.0,-0.30643478230970067,-0.33150628243781943,0.06953532150448107,-0.14574420235931257,-0.0702885257625709,-0.13679707942067226,0.08204201090176622
burstinterval_8,-0.30643478230970067,1.0,-0.013575161970959409,0.25229379749152,-0.49330901794051923,-0.16385973436652884,-0.49903066674752083,-0.03162635915510517
Ku_8,-0.33150628243781943,-0.013575161970959409,1.0,-0.21960712259638687,0.19207095858286694,-0.11855022586041881,0.25872466169760633,-0.37664173978296045
CorrDim_8,0.06953532150448107,0.25229379749152,-0.21960712259638687,1.0,-0.19766151867773582,-0.024649115446996942,-0.2005895700113297,-0.10279737897525063
PSD_3_to_7_8,-0.14574420235931257,-0.49330901794051923,0.19207095858286694,-0.19766151867773582,1.0,0.8006341998930532,0.975005689978489,-0.17456222329791596
PSD_12_to_30_8,-0.0702885257625709,-0.16385973436652884,-0.11855022586041881,-0.024649115446996942,0.8006341998930532,1.0,0.7530780209053469,-0.01368047022443968
PSD_20_to_40_8,-0.13679707942067226,-0.49903066674752083,0.25872466169760633,-0.2005895700113297,0.975005689978489,0.7530780209053469,1.0,-0.22198611032719193
levodopa_8,0.08204201090176622,-0.03162635915510517,-0.37664173978296045,-0.10279737897525063,-0.17456222329791596,-0.01368047022443968,-0.22198611032719193,1.0
""
,burstduration_9,burstinterval_9,Ku_9,CorrDim_9,PSD_3_to_7_9,PSD_12_to_30_9,PSD_20_to_40_9,levodopa_9
burstduration_9,1.0,-0.49418878231876356,-0.15560786853473021,0.005879008181421247,0.014283742760992112,0.03594257961390054,0.0027543092372060442,-0.0009685211227432086
burstinterval_9,-0.49418878231876356,1.0,0.4114294826821409,0.19290200382380254,-0.1977945634193511,-0.1728253150152446,-0.14468381470208677,0.09924699973967162
Ku_9,-0.15560786853473021,0.4114294826821409,1.0,-0.06847156110408618,-0.39010789153823033,-0.39794558882037956,-0.34903443222205355,-0.04193462921416872
CorrDim_9,0.005879008181421247,0.19290200382380254,-0.06847156110408618,1.0,-0.07343401907723482,-0.1386232770888413,-0.044765499668287315,-0.20724616073815952
PSD_3_to_7_9,0.014283742760992112,-0.1977945634193511,-0.39010789153823033,-0.07343401907723482,1.0,0.7948873322064393,0.9578113903974496,0.03964939805510642
PSD_12_to_30_9,0.03594257961390054,-0.1728253150152446,-0.39794558882037956,-0.1386232770888413,0.7948873322064393,1.0,0.8059041419289142,0.19455654534073832
PSD_20_to_40_9,0.0027543092372060442,-0.14468381470208677,-0.34903443222205355,-0.044765499668287315,0.9578113903974496,0.8059041419289142,1.0,0.05416605538991762
levodopa_9,-0.0009685211227432086,0.09924699973967162,-0.04193462921416872,-0.20724616073815952,0.03964939805510642,0.19455654534073832,0.05416605538991762,1.0
""
,burstduration_1,burstinterval_1,Ku_1,CorrDim_1,PSD_3_to_7_1,PSD_12_to_30_1,PSD_20_to_40_1
1cha_one_component,0.0027642083460045546,0.2345125202220465,-0.27207218150381185,-0.21149385013066696,0.5230922518161303,0.5239695632151885,0.5273269472860297
1cha_second_component,0.5030930051241272,0.6781697608247381,0.4896541038384986,0.21295047306520754,-0.009295427713996274,0.04226926476592868,0.0010308216502955825
""
,burstduration_10,burstinterval_10,Ku_10,CorrDim_10,PSD_3_to_7_10,PSD_12_to_30_10,PSD_20_to_40_10
10cha_one_component,0.011637853559119246,0.10498248656009497,0.04938453998151171,-0.055748692986994745,-0.5334206179537938,-0.5910573791798632,-0.5911092176409346
10cha_second_component,0.6605136105631843,0.10567409411089168,-0.7108521343051823,-0.15778051475237723,-0.12674844931703472,0.07446613610750978,0.027183332794502184
""
,burstduration_11,burstinterval_11,Ku_11,CorrDim_11,PSD_3_to_7_11,PSD_12_to_30_11,PSD_20_to_40_11
11cha_one_component,0.1513651434314296,-0.14486626666999058,-0.4413629776467224,0.3213128862563865,-0.45975208451850114,-0.4764065918687771,-0.4687471485015778
11cha_second_component,0.30472835646854995,0.7437856752853009,-0.027582938077623687,-0.5254576286290271,-0.09949137547423667,-0.16821411048205168,-0.19713558605159476
""
,burstduration_12,burstinterval_12,Ku_12,CorrDim_12,PSD_3_to_7_12,PSD_12_to_30_12,PSD_20_to_40_12
12cha_one_component,0.21703147486163402,-0.3654476365409639,0.15354089241935076,-0.1652654918753098,0.5089670920743182,0.5065483909611402,0.5028111993744586
12cha_second_component,0.5876566608995705,-0.048251161798525455,-0.4544261953725042,0.6631697588079845,-0.02755653462527001,0.02918708184487627,0.06650511183448311
""
,burstduration_13,burstinterval_13,Ku_13,CorrDim_13,PSD_3_to_7_13,PSD_12_to_30_13,PSD_20_to_40_13
13cha_one_component,-0.20714707479366032,-0.3640485941276732,-0.03347843202406847,-0.3079307836877243,0.49256288719849894,0.49355681014085256,0.49234136011819385
13cha_second_component,0.3329312529536046,0.241643713874997,0.7929435168285962,0.3067630844896258,0.22173517989562064,0.16245536985852166,0.17984395532276543
""
,burstduration_14,burstinterval_14,Ku_14,CorrDim_14,PSD_3_to_7_14,PSD_12_to_30_14,PSD_20_to_40_14
14cha_one_component,-0.19904055398175846,-0.24193099328777212,0.01059866252671332,-0.21555674206714884,-0.5163296184720174,-0.540776743637575,-0.5442788350549281
14cha_second_component,-0.2832865898519233,-0.4861458469855544,-0.598569001354669,-0.4872749845163882,0.18314440354294348,0.1747997832342957,0.15359793873205976
""
,burstduration_15,burstinterval_15,Ku_15,CorrDim_15,PSD_3_to_7_15,PSD_12_to_30_15,PSD_20_to_40_15
15cha_one_component,-0.017396063965829798,0.033924375476704016,-0.008178918422050319,-0.0372805726942216,0.5759118097446715,0.577159957149677,0.5764561988214275
15cha_second_component,0.21893919272293688,0.7119401464086108,0.6647278031771389,0.05415254906071368,0.004972893721719107,-0.011047090208738966,-0.016264656805127307
""
,burstduration_16,burstinterval_16,Ku_16,CorrDim_16,PSD_3_to_7_16,PSD_12_to_30_16,PSD_20_to_40_16
16cha_one_component,0.3666955917628005,0.12796057401903072,-0.25502676817509434,0.174507797449052,-0.4346382827294189,-0.5301951413065061,-0.5325894159135094
16cha_second_component,0.20879014345545788,-0.6769231573086227,-0.5682001849121239,-0.3892651871476841,0.1512607152594504,-0.02039945812981514,0.022515265112622918
""
,burstduration_2,burstinterval_2,Ku_2,CorrDim_2,PSD_3_to_7_2,PSD_12_to_30_2,PSD_20_to_40_2
2cha_one_component,-0.1383522423211835,-0.05184351462880277,-0.030809768397633774,-0.24760129042460294,0.5534306323270455,0.5520468658749853,0.552154017704011
2cha_second_component,0.6398490583067841,-0.3056020033746326,-0.6397360417414486,-0.2917006613390701,0.027236547629364838,-0.04042159447239724,-0.021757397873084394
""
,burstduration_3,burstinterval_3,Ku_3,CorrDim_3,PSD_3_to_7_3,PSD_12_to_30_3,PSD_20_to_40_3
3cha_one_component,-0.08352593739703996,0.09422061905918494,-0.008100563174544485,-0.059589145566802476,0.5594983494019153,0.573107445277383,0.5822704358947718
3cha_second_component,0.5990144195756848,-0.5984975046685844,0.10042322337311431,-0.508141158406077,0.10798875465882052,-0.02227212847642379,0.05032477071318536
""
,burstduration_4,burstinterval_4,Ku_4,CorrDim_4,PSD_3_to_7_4,PSD_12_to_30_4,PSD_20_to_40_4
4cha_one_component,-0.23689502542417787,-0.02374530093644822,-0.321096199217083,0.056149602999812864,0.5124572774742523,0.5380446289133278,0.5338135223139441
4cha_second_component,0.5603372705374388,-0.2021866094535555,0.013582585339482006,-0.7787580261290401,0.1368307652449546,0.11023571319944594,0.0872903060901758
""
,burstduration_5,burstinterval_5,Ku_5,CorrDim_5,PSD_3_to_7_5,PSD_12_to_30_5,PSD_20_to_40_5
5cha_one_component,-0.2136043221255328,0.25571653588100296,-0.13602504243948638,0.037443446781469686,0.5220471882816726,0.5462606054080184,0.5460251891215604
5cha_second_component,-0.4748884781546664,0.24985381890386338,0.6393503513285452,-0.5255760449010703,0.09048450277744186,-0.1025011694380275,-0.09143859578027885
""
,burstduration_6,burstinterval_6,Ku_6,CorrDim_6,PSD_3_to_7_6,PSD_12_to_30_6,PSD_20_to_40_6
6cha_one_component,0.017503483892733446,-0.23774551338376942,-0.4293287396183183,0.07543860662089,0.49471014748911635,0.5031488156190393,0.5052323111191573
6cha_second_component,-0.41985397091485943,0.6776374730393129,0.41674941540821997,-0.13960826842380578,0.2642201719486749,0.22804804107538293,0.22257885362636243
""
,burstduration_7,burstinterval_7,Ku_7,CorrDim_7,PSD_3_to_7_7,PSD_12_to_30_7,PSD_20_to_40_7
7cha_one_component,-0.13775827959181638,0.29666640524089916,0.4089511017887025,-0.26190851610705795,0.46325483072540535,0.4700275790809895,0.4707904657643262
7cha_second_component,0.9733577427733152,0.1566458904158511,-0.0023616520981985384,0.08962790800111592,0.10311444881345538,0.06461260686652207,0.07204617814695291
""
,burstduration_8,burstinterval_8,Ku_8,CorrDim_8,PSD_3_to_7_8,PSD_12_to_30_8,PSD_20_to_40_8
8cha_one_component,-0.07286814079674012,-0.3246837477093178,0.13169987335461922,-0.1737246982850793,0.4557997123128853,0.5648864192089272,0.5611555276776677
8cha_second_component,0.6729534357422918,-0.34478612999759783,-0.6076083624674471,0.2003774286303152,0.13559248563469173,0.004896489802058257,-0.022535839591166562
""
,burstduration_9,burstinterval_9,Ku_9,CorrDim_9,PSD_3_to_7_9,PSD_12_to_30_9,PSD_20_to_40_9
9cha_one_component,0.09454157344552022,-0.22986596717274238,-0.34066049496374207,-0.07493966015101122,0.5064258688112888,0.5331498683872804,0.5252066829078362
9cha_second_component,0.6386209795483084,-0.6354889202158687,-0.25480227187009985,-0.10258094119053095,-0.15881915152527937,-0.18969420974466067,-0.22729411214562606
""
,PSD_3_to_7_1,PSD_12_to_30_1,PSD_20_to_40_1
1cha_one_component,0.572270704901853,0.5773285133136956,0.5824070981934664
1cha_second_component,-0.7900821039804493,0.5784329951772014,0.20294220620698278
""
,PSD_3_to_7_10,PSD_12_to_30_10,PSD_20_to_40_10
10cha_one_component,-0.5960045203466346,-0.5399444493216113,-0.5943387951102974
10cha_second_component,-0.3701103046543244,0.8415757298367743,-0.39340647343223
""
,PSD_3_to_7_11,PSD_12_to_30_11,PSD_20_to_40_11
11cha_one_component,0.5895091158888301,0.5556913818840231,0.5862474651406139
11cha_second_component,0.3570719774989661,-0.8302787660392565,0.42794482535638606
""
,PSD_3_to_7_12,PSD_12_to_30_12,PSD_20_to_40_12
12cha_one_component,0.5791685437626117,0.5751265128105575,0.5777484679151157
12cha_second_component,-0.2743570448317015,0.8048853828566884,-0.5262012280628561
""
,PSD_3_to_7_13,PSD_12_to_30_13,PSD_20_to_40_13
13cha_one_component,0.5777953421145016,0.577073799340341,0.5771814036727873
13cha_second_component,0.0563374722718883,-0.7336847077768496,0.6771505289021142
""
,PSD_3_to_7_14,PSD_12_to_30_14,PSD_20_to_40_14
14cha_one_component,0.5839128585967193,0.5672418729962602,0.580760218235636
14cha_second_component,0.3321528060584639,-0.8196965358313598,0.466660586051101
""
,PSD_3_to_7_15,PSD_12_to_30_15,PSD_20_to_40_15
15cha_one_component,0.5782263983930335,0.5762054016835388,0.5776171459298385
15cha_second_component,-0.29713117735040084,0.8080740596539703,-0.5086544775785586
""
,PSD_3_to_7_16,PSD_12_to_30_16,PSD_20_to_40_16
16cha_one_component,0.6072852188773378,0.5282672384884238,0.593412493694663
16cha_second_component,-0.2939748639551579,0.8433147884058667,-0.44988770489813884
""
,PSD_3_to_7_2,PSD_12_to_30_2,PSD_20_to_40_2
2cha_one_component,0.58061830557578,0.5702077831687881,0.581158728097623
2cha_second_component,-0.41930497876848927,0.8212796480853224,-0.3868889691123354
""
,PSD_3_to_7_3,PSD_12_to_30_3,PSD_20_to_40_3
3cha_one_component,0.5745147057948957,0.5703172817738723,0.5870869194041598
3cha_second_component,-0.653448918470823,0.7515284717008239,-0.09060611001658048
""
,PSD_3_to_7_4,PSD_12_to_30_4,PSD_20_to_40_4
4cha_one_component,0.5873278137463916,0.5657485185684611,0.5787699481983111
4cha_second_component,-0.24053635901597212,0.8048090613741434,-0.5426090993721082
""
,PSD_3_to_7_5,PSD_12_to_30_5,PSD_20_to_40_5
5cha_one_component,0.5839316441382958,0.5623580074686895,0.5854718664545646
5cha_second_component,0.4206377841017279,-0.826429016000447,0.37427120661162405
""
,PSD_3_to_7_6,PSD_12_to_30_6,PSD_20_to_40_6
6cha_one_component,0.5784518577057551,0.5743463160279293,0.5792406732800336
6cha_second_component,-0.45918654909623424,0.8161764505496267,-0.3507188542084732
""
,PSD_3_to_7_7,PSD_12_to_30_7,PSD_20_to_40_7
7cha_one_component,0.5773997220930404,0.5759928282443625,0.5786551846634921
7cha_second_component,0.5679635033997537,-0.7925112445782969,0.2221337120358739
""
,PSD_3_to_7_8,PSD_12_to_30_8,PSD_20_to_40_8
8cha_one_component,0.5976092662389164,0.5452174451442668,0.5878784758908449
8cha_second_component,-0.30862571347951734,0.8331383524675451,-0.4589451542689212
""
,PSD_3_to_7_9,PSD_12_to_30_9,PSD_20_to_40_9
9cha_one_component,0.5882727864710882,0.5524300764963128,0.5905557884567885
9cha_second_component,-0.41254630460265457,0.8331244545385519,-0.36838728236535734
""
burstduration_1,burstinterval_1,kurtosis_1,CorrDim_1,PSD_3_to_7_1,PSD_12_to_30_1,PSD_20_to_40_1,burstduration_2,burstinterval_2,kurtosis_2,CorrDim_2,PSD_3_to_7_2,PSD_12_to_30_2,PSD_20_to_40_2,burstduration_3,burstinterval_3,kurtosis_3,CorrDim_3,PSD_3_to_7_3,PSD_12_to_30_3,PSD_20_to_40_3,burstduration_4,burstinterval_4,kurtosis_4,CorrDim_4,PSD_3_to_7_4,PSD_12_to_30_4,PSD_20_to_40_4,burstduration_5,burstinterval_5,kurtosis_5,CorrDim_5,PSD_3_to_7_5,PSD_12_to_30_5,PSD_20_to_40_5,burstduration_6,burstinterval_6,kurtosis_6,CorrDim_6,PSD_3_to_7_6,PSD_12_to_30_6,PSD_20_to_40_6,burstduration_7,burstinterval_7,kurtosis_7,CorrDim_7,PSD_3_to_7_7,PSD_12_to_30_7,PSD_20_to_40_7,burstduration_8,burstinterval_8,kurtosis_8,CorrDim_8,PSD_3_to_7_8,PSD_12_to_30_8,PSD_20_to_40_8,burstduration_9,burstinterval_9,kurtosis_9,CorrDim_9,PSD_3_to_7_9,PSD_12_to_30_9,PSD_20_to_40_9,burstduration_10,burstinterval_10,kurtosis_10,CorrDim_10,PSD_3_to_7_10,PSD_12_to_30_10,PSD_20_to_40_10,burstduration_11,burstinterval_11,kurtosis_11,CorrDim_11,PSD_3_to_7_11,PSD_12_to_30_11,PSD_20_to_40_11,burstduration_12,burstinterval_12,kurtosis_12,CorrDim_12,PSD_3_to_7_12,PSD_12_to_30_12,PSD_20_to_40_12,burstduration_13,burstinterval_13,kurtosis_13,CorrDim_13,PSD_3_to_7_13,PSD_12_to_30_13,PSD_20_to_40_13,burstduration_14,burstinterval_14,kurtosis_14,CorrDim_14,PSD_3_to_7_14,PSD_12_to_30_14,PSD_20_to_40_14,burstduration_15,burstinterval_15,kurtosis_15,CorrDim_15,PSD_3_to_7_15,PSD_12_to_30_15,PSD_20_to_40_15,burstduration_16,burstinterval_16,kurtosis_16,CorrDim_16,PSD_3_to_7_16,PSD_12_to_30_16,PSD_20_to_40_16
-0.04929826335675643,0.0007709265607497498,-0.04079273372539147,0.039348721090720074,0.053425488908997475,0.0013742060544517708,0.05003475376431003,0.08670645611454937,0.04073066345520873,-0.07376093377990399,0.018976943866280873,-0.12105754835781377,-0.12333710605511623,-0.1229195661463115,0.012133762808872779,-0.12930059243940978,0.05173710611494419,-0.007560624030758524,-0.0074514908362505105,-0.0736304357133846,-0.0411105431039411,-0.014393090909041768,-0.011653400573307077,-0.04657390595663223,-0.010455564940444074,0.16505363036692172,0.14840679373633572,0.15387535895833768,0.014260923524903936,-0.019007604326722802,0.094163528258187,-0.08508809386209021,-0.020202818094988303,-0.04419631306845445,-0.03748646950939575,0.07910853543991275,0.017588576242584697,-0.10958407779444737,0.017019802298126437,0.16291867551289063,0.16915943176949022,0.16790518798360246,0.03230035563757229,0.06841537724489892,-0.003253854368433593,-0.058663644148873685,0.10721848218355551,0.09252053341465633,0.08955848966774839,0.04380972215558682,0.1354317948644431,-0.12385990239838304,0.0960648060559883,-0.01008199626283856,-0.11940518516288448,-0.12632120265493965,-0.041473349866826985,0.02481218956897424,0.10749954630412292,-0.018060645121699574,-0.0932537320902143,-0.11536175596287103,-0.10835111350823652,-0.018404371846301996,-0.035575353306528786,0.08708243564253902,0.0070462805313353935,-0.025829829823501637,0.008542781160602506,-0.020958996371979833,0.07627507186474881,-0.01703322528943155,-0.17236453532692803,0.08263549292664618,-0.1487709498419798,-0.1523465490762764,-0.1552891451971563,0.008533023817727126,0.14404468375286197,-0.05850539161118156,0.10241856585438337,-0.14623953850809612,-0.14475540060648617,-0.14219784494624457,0.09139449177634465,0.03722504053836322,0.0684215809532011,0.05973180370539006,-0.07758593766186163,-0.08248869225730288,-0.0795839634259023,-0.031559990132826496,-0.04979715722656262,0.04232745797954456,-0.04159480970843186,-0.1379830182831749,-0.16192401711888998,-0.17473963567071488,0.011880722213234851,0.07829878578194269,0.02805751811935137,0.00998433622389111,0.15965558501652505,0.1628019433053342,0.16131780128514367,0.12169431592315838,0.028116749741278722,-0.13505653921192862,0.02483826548041426,-0.14820921483584543,-0.17876257389194034,-0.17432189560525505
-0.0055322692370609935,-0.09683419509795986,0.12654131742298932,0.0920303175962956,-0.21442091647216996,-0.2322346049879731,-0.22054166597161323,0.023209853343436986,-0.043134374544327794,-0.014797979593575095,0.05750793754325435,-0.12607674930661059,-0.1595597267323368,-0.14842996500568723,0.051534795438992156,-0.05230273145500321,0.14031099008319362,-0.062451141715753486,-0.02313325338294422,-0.07563836389048119,-0.04583455685690876,-0.07272069968751134,-0.09878646478259671,0.049075719304052065,-0.04648280624607193,-0.06664638505913896,-0.05332695607779629,-0.021515359960274594,-0.021648200344209886,0.1116270730606152,-0.05560954067213346,0.002130564400317281,0.13966995951326525,0.18996844061755377,0.19221849397498983,0.01608685005555553,0.1111887856564976,0.096300713716681,0.07246746648153718,-0.09848444885764995,-0.09239160418237169,-0.0922907508842992,-0.06992079530605275,0.007550811905653189,0.09984520332543578,-0.01805851647345914,0.07592940513369902,0.08508684630535984,0.08530044110184676,-0.09640767600547943,0.021230027509249898,0.0565231501502589,0.02129513599617636,0.16286822234870751,0.14097701038276134,0.1351419213932766,-0.03454816684653026,-0.03075513731645445,0.01806637755669185,-0.0271918807805067,-0.12312470152784419,-0.12689461890095904,-0.13431311636280105,-0.060288827470505256,0.06823777839695866,0.06245398151586437,-0.039729071228524475,0.14498904413154062,0.0801468929549274,0.08996650822929177,-0.040631868044355215,0.03264981753551105,-0.006998784600875627,0.019103912366840115,-0.10352953375558324,-0.0981779555849245,-0.09216438265539906,-0.10008465247869451,0.04014806518730641,-0.053024037493334335,-0.015333925740303182,-0.16956101431969062,-0.17254494449223384,-0.17180101441731135,-0.0640196951527068,-0.138015485628368,-0.03344309933254415,-0.09203613769337986,0.14924733126030637,0.14982366506000333,0.15181151371046894,-0.03452358881518252,0.03857743293606482,0.02270687690189021,0.03795586934396104,0.020679744044616668,0.014235483718671432,0.022811492883929415,-0.022756089344765328,0.09200152948102498,0.06817041581707518,0.07519242029399437,-0.11207632684178619,-0.10599881540942604,-0.10739320128769787,-0.019743680887175322,0.05337650321036278,0.01910251765856524,0.060706142667188476,0.01917762599242995,-0.034075234048233045,-0.03556956879373115
""
,burstduration_1,burstinterval_1,Ku_1,CorrDim_1
1cha_one_component,0.4399265329778376,0.5915592033361589,0.5865276857784936,0.33542156809858403
1cha_second_component,0.579046726023374,0.2674542801321179,-0.29789892615686675,-0.7102318824969825
""
,burstduration_10,burstinterval_10,Ku_10,CorrDim_10
10cha_one_component,0.6722344985934435,-0.11946954552513966,-0.6206931128574209,-0.3854450236339855
10cha_second_component,-0.01990745769008516,0.7825850406306814,-0.44332252476205736,0.4366113676348651
""
,burstduration_11,burstinterval_11,Ku_11,CorrDim_11
11cha_one_component,0.18278464502998365,-0.5388447500377423,-0.5212922907846941,0.6359956418612256
11cha_second_component,0.795100473658299,0.4467514653864648,-0.3778023414442924,-0.15966764156398597
""
,burstduration_12,burstinterval_12,Ku_12,CorrDim_12
12cha_one_component,0.2742657187013023,0.3451569955908354,-0.4832917470274109,0.7563557702530992
12cha_second_component,0.705222050629632,-0.7029607731831576,-0.0920258980580961,0.006264563677908064
""
,burstduration_13,burstinterval_13,Ku_13,CorrDim_13
13cha_one_component,0.4441512848012097,0.6139371195595689,0.26573565057539006,0.5959827291537974
13cha_second_component,-0.15050837648015494,-0.14191144404075234,0.9632830903228076,-0.1711550716681202
""
,burstduration_14,burstinterval_14,Ku_14,CorrDim_14
14cha_one_component,-0.3486767574171428,-0.5472287544369033,-0.5402703438352963,-0.5357920909518853
14cha_second_component,0.9214630597249018,-0.06163193731578748,-0.22229930730381883,-0.31255455817723554
""
,burstduration_15,burstinterval_15,Ku_15,CorrDim_15
15cha_one_component,0.21892971644769654,0.7128079258414494,0.6641546327971249,0.05360283432671889
15cha_second_component,0.6084702297794002,-0.06437802224834926,-0.06787832611826543,-0.7880431349659592
""
