,burstduration_1,burstinterval_1,Ku_1,CorrDim_1,PSD_3_to_7_1,PSD_12_to_30_1,PSD_20_to_40_1
burstduration_1,1.0,-0.40376060495153765,-0.20715365984133957,0.1585043141852305,-0.22803483877938108,-0.2280263726801159,-0.23137402798813306
burstinterval_1,-0.40376060495153765,1.0,0.3350213011251629,0.1179724894451169,-0.031524955241513594,-0.03935081376132083,-0.03384543359775479
Ku_1,-0.20715365984133957,0.3350213011251629,1.0,0.045662521281203114,-0.22856353468057133,-0.2026414994054234,-0.2003824309313256
CorrDim_1,0.1585043141852305,0.1179724894451169,0.045662521281203114,1.0,-0.4675353674571412,-0.49782929253181696,-0.49016118519610447
PSD_3_to_7_1,-0.22803483877938108,-0.031524955241513594,-0.22856353468057133,-0.4675353674571412,1.0,0.9893613674223739,0.9935135043227079
PSD_12_to_30_1,-0.2280263726801159,-0.03935081376132083,-0.2026414994054234,-0.49782929253181696,0.9893613674223739,1.0,0.9947603573391154
PSD_20_to_40_1,-0.23137402798813306,-0.03384543359775479,-0.2003824309313256,-0.49016118519610447,0.9935135043227079,0.9947603573391154,1.0
""
,burstduration_10,burstinterval_10,Ku_10,CorrDim_10,PSD_3_to_7_10,PSD_12_to_30_10,PSD_20_to_40_10
burstduration_10,1.0,-0.2859809250474192,-0.4689930632020242,0.26219484929261266,0.2344776193126645,0.14185654805995593,0.1737609732838386
burstinterval_10,-0.2859809250474192,1.0,0.7178182525404152,0.10723400176062509,-0.5125049833828489,-0.5525710599168207,-0.5409346872062802
Ku_10,-0.4689930632020242,0.7178182525404152,1.0,-0.11058770826293457,-0.57378267540899,-0.5203901277833333,-0.5502129550831237
CorrDim_10,0.26219484929261266,0.10723400176062509,-0.11058770826293457,1.0,-0.4307858775570865,-0.5086751199542271,-0.47359204520891757
PSD_3_to_7_10,0.2344776193126645,-0.5125049833828489,-0.57378267540899,-0.4307858775570865,1.0,0.9668329556574257,0.9912502562183529
PSD_12_to_30_10,0.14185654805995593,-0.5525710599168207,-0.5203901277833333,-0.5086751199542271,0.9668329556574257,1.0,0.9868566600465458
PSD_20_to_40_10,0.1737609732838386,-0.5409346872062802,-0.5502129550831237,-0.47359204520891757,0.9912502562183529,0.9868566600465458,1.0
""
,burstduration_11,burstinterval_11,Ku_11,CorrDim_11,PSD_3_to_7_11,PSD_12_to_30_11,PSD_20_to_40_11
burstduration_11,1.0,-0.3007144951634626,-0.3722421185682035,0.28142252511481436,0.34871789872195386,0.34972205675502177,0.32781778660934285
burstinterval_11,-0.3007144951634626,1.0,0.662505449284008,-0.1843898008294923,-0.3694593757516147,-0.3320249438454873,-0.34595952649904205
Ku_11,-0.3722421185682035,0.662505449284008,1.0,-0.5809498516516994,-0.701985494098988,-0.6689846255383666,-0.6725842456068817
CorrDim_11,0.28142252511481436,-0.1843898008294923,-0.5809498516516994,1.0,0.6758362110568993,0.6245472661546914,0.6397828737157535
PSD_3_to_7_11,0.34871789872195386,-0.3694593757516147,-0.701985494098988,0.6758362110568993,1.0,0.9783703694605215,0.9932465027197265
PSD_12_to_30_11,0.34972205675502177,-0.3320249438454873,-0.6689846255383666,0.6245472661546914,0.9783703694605215,1.0,0.9891292640440953
PSD_20_to_40_11,0.32781778660934285,-0.34595952649904205,-0.6725842456068817,0.6397828737157535,0.9932465027197265,0.9891292640440953,1.0
""
,burstduration_12,burstinterval_12,Ku_12,CorrDim_12,PSD_3_to_7_12,PSD_12_to_30_12,PSD_20_to_40_12
burstduration_12,1.0,-0.7508216247920901,-0.6664675572356383,0.487441255969704,0.3881292940728872,0.3947572395419763,0.3937510924083096
burstinterval_12,-0.7508216247920901,1.0,0.711934479909017,-0.6252807647586924,-0.5729418443595454,-0.5797859556909065,-0.5760856917860119
Ku_12,-0.6664675572356383,0.711934479909017,1.0,-0.5860779173039413,-0.41020336920293377,-0.39702852283129436,-0.40504380829456693
CorrDim_12,0.487441255969704,-0.6252807647586924,-0.5860779173039413,1.0,0.32899496885333407,0.3434806402369168,0.32699480372898077
PSD_3_to_7_12,0.3881292940728872,-0.5729418443595454,-0.41020336920293377,0.32899496885333407,1.0,0.9911750299603592,0.9987543317643425
PSD_12_to_30_12,0.3947572395419763,-0.5797859556909065,-0.39702852283129436,0.3434806402369168,0.9911750299603592,1.0,0.9942361721143325
PSD_20_to_40_12,0.3937510924083096,-0.5760856917860119,-0.40504380829456693,0.32699480372898077,0.9987543317643425,0.9942361721143325,1.0
""
,burstduration_13,burstinterval_13,Ku_13,CorrDim_13,PSD_3_to_7_13,PSD_12_to_30_13,PSD_20_to_40_13
burstduration_13,1.0,-0.671267003544426,-0.17999807343841948,0.011257996887390277,-0.17611646365547087,-0.17195700463988617,-0.18651165251774451
burstinterval_13,-0.671267003544426,1.0,0.23931293301874682,-0.07023627237478329,0.36470277046074234,0.3652502992789898,0.3760468560740797
Ku_13,-0.17999807343841948,0.23931293301874682,1.0,-0.2898842153022877,-0.1575259976551534,-0.13088881363243018,-0.1303786033582733
CorrDim_13,0.011257996887390277,-0.07023627237478329,-0.2898842153022877,1.0,-0.17531418216483818,-0.18244754798663168,-0.19114602420815782
PSD_3_to_7_13,-0.17611646365547087,0.36470277046074234,-0.1575259976551534,-0.17531418216483818,1.0,0.9959440649427281,0.9966622103861853
PSD_12_to_30_13,-0.17195700463988617,0.3652502992789898,-0.13088881363243018,-0.18244754798663168,0.9959440649427281,1.0,0.996130228680401
PSD_20_to_40_13,-0.18651165251774451,0.3760468560740797,-0.1303786033582733,-0.19114602420815782,0.9966622103861853,0.996130228680401,1.0
""
,burstduration_14,burstinterval_14,Ku_14,CorrDim_14,PSD_3_to_7_14,PSD_12_to_30_14,PSD_20_to_40_14
burstduration_14,1.0,-0.6020309702092732,-0.4020233937292382,0.35962787129442725,0.4734026645215099,0.3530957622423723,0.4760840405032969
burstinterval_14,-0.6020309702092732,1.0,0.7172430645301047,-0.4703844287854595,-0.37881285721472907,-0.2476160246361451,-0.3430725501496101
Ku_14,-0.4020233937292382,0.7172430645301047,1.0,-0.5080484835277141,-0.4834982787664711,-0.4019459097527499,-0.4443188297986653
CorrDim_14,0.35962787129442725,-0.4703844287854595,-0.5080484835277141,1.0,0.36731780115130247,0.2384390123378207,0.32117571219971314
PSD_3_to_7_14,0.4734026645215099,-0.37881285721472907,-0.4834982787664711,0.36731780115130247,1.0,0.8476669404512981,0.9684266821301021
PSD_12_to_30_14,0.3530957622423723,-0.2476160246361451,-0.4019459097527499,0.2384390123378207,0.8476669404512981,1.0,0.9278332562467676
PSD_20_to_40_14,0.4760840405032969,-0.3430725501496101,-0.4443188297986653,0.32117571219971314,0.9684266821301021,0.9278332562467676,1.0
""
,burstduration_15,burstinterval_15,Ku_15,CorrDim_15,PSD_3_to_7_15,PSD_12_to_30_15,PSD_20_to_40_15
burstduration_15,1.0,-0.1405057655304241,0.08482260424447564,0.02061768007472849,0.04495869427730598,0.06503442518139795,0.05069621851055963
burstinterval_15,-0.1405057655304241,1.0,0.42880432193448015,0.14024485816408053,-0.15110112379400298,-0.11011144565978487,-0.15216335186807656
Ku_15,0.08482260424447564,0.42880432193448015,1.0,-0.1490138308593931,0.15797831803779838,0.24212850393908542,0.11774244367961464
CorrDim_15,0.02061768007472849,0.14024485816408053,-0.1490138308593931,1.0,-0.48069147047350963,-0.48422207926471483,-0.4677156779742234
PSD_3_to_7_15,0.04495869427730598,-0.15110112379400298,0.15797831803779838,-0.48069147047350963,1.0,0.972584161322275,0.9949500813193725
PSD_12_to_30_15,0.06503442518139795,-0.11011144565978487,0.24212850393908542,-0.48422207926471483,0.972584161322275,1.0,0.967869548859988
PSD_20_to_40_15,0.05069621851055963,-0.15216335186807656,0.11774244367961464,-0.4677156779742234,0.9949500813193725,0.967869548859988,1.0
""
,burstduration_16,burstinterval_16,Ku_16,CorrDim_16,PSD_3_to_7_16,PSD_12_to_30_16,PSD_20_to_40_16
burstduration_16,1.0,-0.02123695100642639,-0.14224296515444815,0.06215173385185356,0.22447111888105334,0.19385288272756515,0.22384685062873677
burstinterval_16,-0.02123695100642639,1.0,0.7656887358421961,0.29020948583670625,-0.26093281885599356,-0.22788712237004913,-0.2579405468677198
Ku_16,-0.14224296515444815,0.7656887358421961,1.0,0.1801364233954459,-0.5834341158366166,-0.5313023329302693,-0.565071558850218
CorrDim_16,0.06215173385185356,0.29020948583670625,0.1801364233954459,1.0,-0.08324861583202221,-0.06503120098507732,-0.0897348159144042
PSD_3_to_7_16,0.22447111888105334,-0.26093281885599356,-0.5834341158366166,-0.08324861583202221,1.0,0.9827948355810575,0.9942632092869056
PSD_12_to_30_16,0.19385288272756515,-0.22788712237004913,-0.5313023329302693,-0.06503120098507732,0.9827948355810575,1.0,0.9866667291591498
PSD_20_to_40_16,0.22384685062873677,-0.2579405468677198,-0.565071558850218,-0.0897348159144042,0.9942632092869056,0.9866667291591498,1.0
""
,burstduration_2,burstinterval_2,Ku_2,CorrDim_2,PSD_3_to_7_2,PSD_12_to_30_2,PSD_20_to_40_2
burstduration_2,1.0,-0.6258596778357272,-0.3771872701199773,0.07339480315561538,0.0004838121363714396,0.008160125449152386,-0.021741756452627898
burstinterval_2,-0.6258596778357272,1.0,0.6626781202899591,0.02553685642253081,-0.15985480075273506,-0.16326233146248215,-0.1382728931852663
Ku_2,-0.3771872701199773,0.6626781202899591,1.0,-0.061623689625708175,-0.019555219606466532,-0.0483828882871265,-0.0235781867311864
CorrDim_2,0.07339480315561538,0.02553685642253081,-0.061623689625708175,1.0,-0.6188842249296498,-0.6224456874406753,-0.6143482451733866
PSD_3_to_7_2,0.0004838121363714396,-0.15985480075273506,-0.019555219606466532,-0.6188842249296498,1.0,0.9730677290205343,0.9877622656211146
PSD_12_to_30_2,0.008160125449152386,-0.16326233146248215,-0.0483828882871265,-0.6224456874406753,0.9730677290205343,1.0,0.9708388461822205
PSD_20_to_40_2,-0.021741756452627898,-0.1382728931852663,-0.0235781867311864,-0.6143482451733866,0.9877622656211146,0.9708388461822205,1.0
""
,burstduration_3,burstinterval_3,Ku_3,CorrDim_3,PSD_3_to_7_3,PSD_12_to_30_3,PSD_20_to_40_3
burstduration_3,1.0,-0.6839908669984928,-0.5453785872669145,0.04726111026093419,-0.18757225688491605,-0.18959644251303304,-0.18794995513837337
burstinterval_3,-0.6839908669984928,1.0,0.593939298400534,0.24347079564893426,0.3656664079149055,0.3699606775453025,0.36766427084562625
Ku_3,-0.5453785872669145,0.593939298400534,1.0,0.18212385749897653,-0.22262205008997563,-0.22128576318762602,-0.23483209412879028
CorrDim_3,0.04726111026093419,0.24347079564893426,0.18212385749897653,1.0,-0.1401380228956897,-0.1547381445623312,-0.14344044158711985
PSD_3_to_7_3,-0.18757225688491605,0.3656664079149055,-0.22262205008997563,-0.1401380228956897,1.0,0.9905178295984276,0.9959752676886027
PSD_12_to_30_3,-0.18959644251303304,0.3699606775453025,-0.22128576318762602,-0.1547381445623312,0.9905178295984276,1.0,0.988668811797874
PSD_20_to_40_3,-0.18794995513837337,0.36766427084562625,-0.23483209412879028,-0.14344044158711985,0.9959752676886027,0.988668811797874,1.0
""
,burstduration_4,burstinterval_4,Ku_4,CorrDim_4,PSD_3_to_7_4,PSD_12_to_30_4,PSD_20_to_40_4
burstduration_4,1.0,-0.6702596472033637,-0.3468462181800334,0.15793564811666475,0.16459171370413947,0.1620172734089968,0.17641139541288706
burstinterval_4,-0.6702596472033637,1.0,0.4378969219228169,0.09591679305350802,-0.19515238526966786,-0.2018464718219621,-0.19324378522414698
Ku_4,-0.3468462181800334,0.4378969219228169,1.0,0.12223386645064602,-0.6436793326409199,-0.6457448932354898,-0.6471361709669621
CorrDim_4,0.15793564811666475,0.09591679305350802,0.12223386645064602,1.0,-0.3241599898819563,-0.3354485409939399,-0.32907355675506816
PSD_3_to_7_4,0.16459171370413947,-0.19515238526966786,-0.6436793326409199,-0.3241599898819563,1.0,0.992912930259954,0.9990784840019203
PSD_12_to_30_4,0.1620172734089968,-0.2018464718219621,-0.6457448932354898,-0.3354485409939399,0.992912930259954,1.0,0.9924404130706165
PSD_20_to_40_4,0.17641139541288706,-0.19324378522414698,-0.6471361709669621,-0.32907355675506816,0.9990784840019203,0.9924404130706165,1.0
""
,burstduration_5,burstinterval_5,Ku_5,CorrDim_5,PSD_3_to_7_5,PSD_12_to_30_5,PSD_20_to_40_5
burstduration_5,1.0,-0.6892295837983518,-0.2627207956387081,0.013669285336331044,-0.05771461297661647,-0.07613323736153979,-0.07719630709959602
burstinterval_5,-0.6892295837983518,1.0,0.2875151806623833,-0.03967205591751226,0.3672296475089038,0.36893928359857325,0.35763554682657117
Ku_5,-0.2627207956387081,0.2875151806623833,1.0,-0.31096901006514027,0.33204084781532184,0.3356021698784798,0.35236111242849777
CorrDim_5,0.013669285336331044,-0.03967205591751226,-0.31096901006514027,1.0,-0.447793254043124,-0.4472573652683178,-0.45725821115199244
PSD_3_to_7_5,-0.05771461297661647,0.3672296475089038,0.33204084781532184,-0.447793254043124,1.0,0.993512791660815,0.9903881467416032
PSD_12_to_30_5,-0.07613323736153979,0.36893928359857325,0.3356021698784798,-0.4472573652683178,0.993512791660815,1.0,0.9865491351120518
PSD_20_to_40_5,-0.07719630709959602,0.35763554682657117,0.35236111242849777,-0.45725821115199244,0.9903881467416032,0.9865491351120518,1.0
""
,burstduration_6,burstinterval_6,Ku_6,CorrDim_6,PSD_3_to_7_6,PSD_12_to_30_6,PSD_20_to_40_6
burstduration_6,1.0,-0.07510061011314183,0.14390170408944053,0.03606775343252332,0.04705384563189353,0.14792015801365754,0.08590745606171137
burstinterval_6,-0.07510061011314183,1.0,-0.140537386118521,0.2150913324905153,0.5491247043074867,0.5789930084617544,0.5371756825995735
Ku_6,0.14390170408944053,-0.140537386118521,1.0,-0.32588991472603945,-0.5545942389809532,-0.48314062880227376,-0.5406470336744308
CorrDim_6,0.03606775343252332,0.2150913324905153,-0.32588991472603945,1.0,0.24058997739889587,0.2270123013667698,0.23441952700833207
PSD_3_to_7_6,0.04705384563189353,0.5491247043074867,-0.5545942389809532,0.24058997739889587,1.0,0.978218312199932,0.9825404670696324
PSD_12_to_30_6,0.14792015801365754,0.5789930084617544,-0.48314062880227376,0.2270123013667698,0.978218312199932,1.0,0.9797016243175215
PSD_20_to_40_6,0.08590745606171137,0.5371756825995735,-0.5406470336744308,0.23441952700833207,0.9825404670696324,0.9797016243175215,1.0
""
,burstduration_7,burstinterval_7,Ku_7,CorrDim_7,PSD_3_to_7_7,PSD_12_to_30_7,PSD_20_to_40_7
burstduration_7,1.0,-0.48025434654229465,-0.21749886318048695,0.06586125773347762,-0.15070756826481052,-0.14015063737247233,-0.13979127702662175
burstinterval_7,-0.48025434654229465,1.0,0.34376095527384504,-0.1951338017257424,0.05678478452507205,0.10624452480238139,0.024069372204367345
Ku_7,-0.21749886318048695,0.34376095527384504,1.0,-0.6993546013520958,0.24024985071626997,0.4362506949076294,0.16015051672773914
CorrDim_7,0.06586125773347762,-0.1951338017257424,-0.6993546013520958,1.0,-0.4781922255341691,-0.6583678333544861,-0.39664290265626473
PSD_3_to_7_7,-0.15070756826481052,0.05678478452507205,0.24024985071626997,-0.4781922255341691,1.0,0.9495329610086907,0.99330452926794
PSD_12_to_30_7,-0.14015063737247233,0.10624452480238139,0.4362506949076294,-0.6583678333544861,0.9495329610086907,1.0,0.9151044892968722
PSD_20_to_40_7,-0.13979127702662175,0.024069372204367345,0.16015051672773914,-0.39664290265626473,0.99330452926794,0.9151044892968722,1.0
""
,burstduration_8,burstinterval_8,Ku_8,CorrDim_8,PSD_3_to_7_8,PSD_12_to_30_8,PSD_20_to_40_8
burstduration_8,1.0,-0.15366343795260065,0.13469626933567277,-0.15327147020404955,0.2841629105971706,0.2749028325761116,0.28689338178315194
burstinterval_8,-0.15366343795260065,1.0,0.11418501602469415,0.0595801491318021,0.07210614346681767,0.04580907292485507,0.07705817395506849
Ku_8,0.13469626933567277,0.11418501602469415,1.0,-0.06739928050506273,0.17673388000145313,0.18312606578415294,0.16287670295876844
CorrDim_8,-0.15327147020404955,0.0595801491318021,-0.06739928050506273,1.0,-0.3528659451337681,-0.3568750514920001,-0.35575295721667755
PSD_3_to_7_8,0.2841629105971706,0.07210614346681767,0.17673388000145313,-0.3528659451337681,1.0,0.9963997967218551,0.9994400053956745
PSD_12_to_30_8,0.2749028325761116,0.04580907292485507,0.18312606578415294,-0.3568750514920001,0.9963997967218551,1.0,0.9941957484233267
PSD_20_to_40_8,0.28689338178315194,0.07705817395506849,0.16287670295876844,-0.35575295721667755,0.9994400053956745,0.9941957484233267,1.0
""
,burstduration_9,burstinterval_9,Ku_9,CorrDim_9,PSD_3_to_7_9,PSD_12_to_30_9,PSD_20_to_40_9
burstduration_9,1.0,-0.46496141150488945,-0.09006876188365678,0.19526790986494297,0.30854272481568124,0.42015648174223796,0.18900543094611807
burstinterval_9,-0.46496141150488945,1.0,0.28690736893791874,0.12114399085489184,-0.10747688223277148,-0.08290523249881213,-0.09109241878676377
Ku_9,-0.09006876188365678,0.28690736893791874,1.0,-0.27968526615725936,-0.35016325646842933,-0.20895901485867843,-0.4747708216210396
CorrDim_9,0.19526790986494297,0.12114399085489184,-0.27968526615725936,1.0,0.2643021395371848,0.21694419316570082,0.2947189320401463
PSD_3_to_7_9,0.30854272481568124,-0.10747688223277148,-0.35016325646842933,0.2643021395371848,1.0,0.9092127529857431,0.9504879154550866
PSD_12_to_30_9,0.42015648174223796,-0.08290523249881213,-0.20895901485867843,0.21694419316570082,0.9092127529857431,1.0,0.8259945440089024
PSD_20_to_40_9,0.18900543094611807,-0.09109241878676377,-0.4747708216210396,0.2947189320401463,0.9504879154550866,0.8259945440089024,1.0
""
,burstduration_1,burstinterval_1,Ku_1,CorrDim_1,PSD_3_to_7_1,PSD_12_to_30_1,PSD_20_to_40_1
1cha_one_component,-0.1559425214632608,-0.032165304996935595,-0.13617754898080264,-0.3342472311278442,0.5312951096994617,0.5290891208541564,0.5311986402413866
1cha_second_component,0.5721401694579074,-0.635603626779585,-0.5182271596080965,-0.006594483501412174,-0.002845853891701444,0.0022338111852348574,-0.006905878105264607
""
,burstduration_10,burstinterval_10,Ku_10,CorrDim_10,PSD_3_to_7_10,PSD_12_to_30_10,PSD_20_to_40_10
10cha_one_component,0.15674355677798904,-0.35708035520267256,-0.3575991937176255,-0.20667790031272315,0.4734057974650817,0.4747282079901906,0.47733868372112853
10cha_second_component,0.5617254032626637,-0.2619813409724735,-0.43276294835182333,0.599572008336166,-0.18155793687554708,-0.11244568046530581,-0.15314264646866108
""
,burstduration_11,burstinterval_11,Ku_11,CorrDim_11,PSD_3_to_7_11,PSD_12_to_30_11,PSD_20_to_40_11
11cha_one_component,0.22681603841776674,-0.2510622396604203,-0.3975080757945811,0.35114696052733374,0.4446834699766283,0.4541963263722325,0.44740103594334957
11cha_second_component,0.4154168559317085,-0.7172820018705318,-0.30458560275440977,-0.2536316825728263,-0.2332572371333587,-0.21156084760013666,-0.23804834567383723
""
,burstduration_12,burstinterval_12,Ku_12,CorrDim_12,PSD_3_to_7_12,PSD_12_to_30_12,PSD_20_to_40_12
12cha_one_component,0.33784615029190695,-0.405688452401079,-0.3447574550364984,0.2993034377673032,0.4137420987093614,0.41308044642070785,0.4135439858095268
12cha_second_component,0.3848976372062423,-0.2662835109811903,-0.39696165594891397,0.3899372605675982,-0.3931592461770216,-0.39761269296633317,-0.39830544901807724
""
,burstduration_13,burstinterval_13,Ku_13,CorrDim_13,PSD_3_to_7_13,PSD_12_to_30_13,PSD_20_to_40_13
13cha_one_component,-0.20928794453265404,0.3119295539868645,-0.030577690097357155,-0.13113283840102416,0.5285119768773008,0.5287706476497277,0.5308901823026945
13cha_second_component,-0.5579533777691963,0.5126641458539783,0.5508890062371106,-0.1667838718959532,-0.1776694422918595,-0.18623666226929608,-0.1682778047656006
""
,burstduration_14,burstinterval_14,Ku_14,CorrDim_14,PSD_3_to_7_14,PSD_12_to_30_14,PSD_20_to_40_14
14cha_one_component,0.33788188840808814,-0.3388772211689717,-0.36477798667169214,0.2881195680671105,0.4007934947446228,0.44484453448093647,0.44317051809431035
14cha_second_component,0.22780433864660055,-0.5015868307531981,-0.35111699867344615,0.3740927464057435,-0.438376774737744,-0.3157109611311616,-0.3760846942246891
""
,burstduration_15,burstinterval_15,Ku_15,CorrDim_15,PSD_3_to_7_15,PSD_12_to_30_15,PSD_20_to_40_15
15cha_one_component,0.04406884210080037,-0.09502434390033865,0.12469084344985293,-0.34167776758824747,0.5344007351225333,0.5361366387912241,0.5326445031763923
15cha_second_component,-0.09747015918417018,0.7178694003682529,0.6865531498378221,0.010083748461117356,0.041507981163491914,-0.01969039201689421,-0.03994444279531584
""
,burstduration_16,burstinterval_16,Ku_16,CorrDim_16,PSD_3_to_7_16,PSD_12_to_30_16,PSD_20_to_40_16
16cha_one_component,0.14163475265092412,-0.2687656920205205,-0.40578649282040097,-0.09823520911411371,0.4876081779929923,0.49860840280888674,0.49701075538844486
16cha_second_component,0.25907218084087824,0.6227327459883132,0.37306965679649445,0.5052196755656764,0.24115634064250682,0.21284998243842126,0.21724674250985693
""
,burstduration_2,burstinterval_2,Ku_2,CorrDim_2,PSD_3_to_7_2,PSD_12_to_30_2,PSD_20_to_40_2
2cha_one_component,0.02317772641389658,-0.12083525418916052,-0.045740684623381586,-0.3955478853360246,0.5243121595442752,0.5259308159391882,0.5242183044488868
2cha_second_component,0.5426282082569666,-0.6154999341789346,-0.5539683327703406,0.12064355930925029,-0.030192559585665017,-0.04106478257714543,-0.05177614790580701
""
,burstduration_3,burstinterval_3,Ku_3,CorrDim_3,PSD_3_to_7_3,PSD_12_to_30_3,PSD_20_to_40_3
3cha_one_component,-0.21419527198413787,0.3023724407851315,-0.03476199869417096,-0.07681767463630633,0.5337756382728179,0.5341084581695548,0.5342224852266403
3cha_second_component,-0.5029828129567667,0.5145582119487064,0.6079524775047925,0.23190770331466262,-0.13850118529515354,-0.13928195333932067,-0.1423681768204293
""
,burstduration_4,burstinterval_4,Ku_4,CorrDim_4,PSD_3_to_7_4,PSD_12_to_30_4,PSD_20_to_40_4
4cha_one_component,0.17961978657844002,-0.21637543535516557,-0.40417973358029613,-0.1884134435984653,0.49038426886166286,0.4902029220486824,0.4912045241512474
4cha_second_component,0.6545609444503403,-0.5949314012628616,-0.1725852384649466,0.30953907334142317,-0.17616333797759154,-0.17635122037626302,-0.17283871312588692
""
,burstduration_5,burstinterval_5,Ku_5,CorrDim_5,PSD_3_to_7_5,PSD_12_to_30_5,PSD_20_to_40_5
5cha_one_component,-0.13985363141899965,0.27603142179515006,0.27009372831533984,-0.2912128860916324,0.49873930514122317,0.4982078303129001,0.49953990049017105
5cha_second_component,0.6997455958260033,-0.5852138028769477,-0.19330921374558174,-0.21988686332071197,0.16132013453689004,0.17096772843917032,0.16403679858436013
""
,burstduration_6,burstinterval_6,Ku_6,CorrDim_6,PSD_3_to_7_6,PSD_12_to_30_6,PSD_20_to_40_6
6cha_one_component,0.027344815679544023,0.33147479042053,-0.32323853431661714,0.19113420356978061,0.49757483801609637,0.5014364258537274,0.4993416485033101
6cha_second_component,0.8387355402924173,0.01008433213465898,0.4196609242725619,-0.280226162614408,0.16956240519909907,0.05996611629815986,0.09711674294425199
""
,burstduration_7,burstinterval_7,Ku_7,CorrDim_7,PSD_3_to_7_7,PSD_12_to_30_7,PSD_20_to_40_7
7cha_one_component,-0.14374046081657676,0.1345329998425866,0.301389539303201,-0.3930949683766689,0.5144012303188216,0.4861562152105918,0.46359869712040636
7cha_second_component,0.48590067069278464,-0.613960863967121,-0.42131643761822934,0.16699240156748882,0.15503376856355894,0.258782058664555,0.30092352793819654
""
,burstduration_8,burstinterval_8,Ku_8,CorrDim_8,PSD_3_to_7_8,PSD_12_to_30_8,PSD_20_to_40_8
8cha_one_component,0.2179572252269944,0.03071237705063168,0.14188170036385353,-0.26264096160848216,0.5355991037418959,0.536704233691778,0.5362115924359356
8cha_second_component,0.45052093961733186,-0.806318917668146,-0.2901619916132898,-0.22943957115738545,-0.04861884940153338,-0.06283894469738327,-0.061087333376905806
""
,burstduration_9,burstinterval_9,Ku_9,CorrDim_9,PSD_3_to_7_9,PSD_12_to_30_9,PSD_20_to_40_9
9cha_one_component,0.2629253817240564,-0.14069076274368753,-0.28715540351249413,0.2236365213302377,0.49405903981204957,0.5219320857857139,0.5119544867389241
9cha_second_component,0.5444848266801893,-0.7566725513861068,-0.10400599774978256,-0.21792735852683356,-0.10131351296556401,-0.15093002593888982,-0.19907044404465304
""
,PSD_3_to_7_1,PSD_12_to_30_1,PSD_20_to_40_1
1cha_one_component,0.5769206174066819,0.577162893732697,0.5779667769943125
1cha_second_component,0.7481573266875161,-0.6573370602719426,-0.09038032815182084
""
,PSD_3_to_7_10,PSD_12_to_30_10,PSD_20_to_40_10
10cha_one_component,0.5763365410290515,0.5754665129813042,0.5802365758135274
10cha_second_component,-0.6696087174082913,0.7395602578345877,-0.06837244037228574
""
,PSD_3_to_7_11,PSD_12_to_30_11,PSD_20_to_40_11
11cha_one_component,0.576921802619324,0.5761142983193457,0.579010836629573
11cha_second_component,-0.6450467339037312,0.756224673928654,-0.10972216558941272
""
,PSD_3_to_7_12,PSD_12_to_30_12,PSD_20_to_40_12
12cha_one_component,0.577445144582788,0.5765689321686889,0.578035787348518
12cha_second_component,0.5441911962836483,-0.7996058952391256,0.2539416353932703
""
,PSD_3_to_7_13,PSD_12_to_30_13,PSD_20_to_40_13
13cha_one_component,0.5773725442866466,0.5772697577958007,0.5774084965068853
13cha_second_component,0.49396432719513633,-0.810055179100081,0.3159269698392205
""
,PSD_3_to_7_14,PSD_12_to_30_14,PSD_20_to_40_14
14cha_one_component,0.5748396456173256,0.5658799747371307,0.5910492669973054
14cha_second_component,-0.6249436631473458,0.7698878727352911,-0.1292984195847161
""
,PSD_3_to_7_15,PSD_12_to_30_15,PSD_20_to_40_15
15cha_one_component,0.5794337541553658,0.5740860217069343,0.5785168659824227
15cha_second_component,-0.34656216819581637,0.8160015533341988,-0.462640387916565
""
,PSD_3_to_7_16,PSD_12_to_30_16,PSD_20_to_40_16
16cha_one_component,0.5775941591265263,0.5761092137066175,0.5783451921000675
16cha_second_component,-0.5207807804871182,0.805626237787761,-0.2824070531399084
""
,PSD_3_to_7_2,PSD_12_to_30_2,PSD_20_to_40_2
2cha_one_component,0.5786077217513408,0.5752654378696517,0.5781719297253725
2cha_second_component,0.36298665296670973,-0.8164390636102192,0.4490745430096146
""
,PSD_3_to_7_3,PSD_12_to_30_3,PSD_20_to_40_3
3cha_one_component,0.5779422223040266,0.576523207969591,0.5775844339581311
3cha_second_component,-0.31781518234520995,0.810885657506746,-0.49138372004039127
""
,PSD_3_to_7_4,PSD_12_to_30_4,PSD_20_to_40_4
4cha_one_component,0.5778089533246568,0.5765231582163732,0.5777178043803771
4cha_second_component,-0.3848673863210088,0.8166625822256515,-0.43004572052162887
""
,PSD_3_to_7_5,PSD_12_to_30_5,PSD_20_to_40_5
5cha_one_component,0.5780492541562212,0.5773047753778057,0.5766959823818945
5cha_second_component,0.1874191098197049,0.5939106133250616,-0.782396485584028
""
,PSD_3_to_7_6,PSD_12_to_30_6,PSD_20_to_40_6
6cha_one_component,0.5774392819996084,0.5768811502755484,0.5777300529317618
6cha_second_component,-0.5231464948563364,0.8047092125300735,-0.28064359637939007
""
,PSD_3_to_7_7,PSD_12_to_30_7,PSD_20_to_40_7
7cha_one_component,0.5848440699736498,0.5690109991240364,0.5780864093650037
7cha_second_component,-0.23171431350723287,0.8001784375523501,-0.5531934064973583
""
,PSD_3_to_7_8,PSD_12_to_30_8,PSD_20_to_40_8
8cha_one_component,0.5778293221951387,0.5768165120191379,0.5774045253317491
8cha_second_component,0.24686142517914592,-0.797850341289521,0.549994790577798
""
,PSD_3_to_7_9,PSD_12_to_30_9,PSD_20_to_40_9
9cha_one_component,0.59179484130822,0.565305543119039,0.5746377195415102
9cha_second_component,-0.12691792011588782,0.7693249824907493,-0.6261237200977658
""
burstduration_1,burstinterval_1,kurtosis_1,CorrDim_1,PSD_3_to_7_1,PSD_12_to_30_1,PSD_20_to_40_1,burstduration_2,burstinterval_2,kurtosis_2,CorrDim_2,PSD_3_to_7_2,PSD_12_to_30_2,PSD_20_to_40_2,burstduration_3,burstinterval_3,kurtosis_3,CorrDim_3,PSD_3_to_7_3,PSD_12_to_30_3,PSD_20_to_40_3,burstduration_4,burstinterval_4,kurtosis_4,CorrDim_4,PSD_3_to_7_4,PSD_12_to_30_4,PSD_20_to_40_4,burstduration_5,burstinterval_5,kurtosis_5,CorrDim_5,PSD_3_to_7_5,PSD_12_to_30_5,PSD_20_to_40_5,burstduration_6,burstinterval_6,kurtosis_6,CorrDim_6,PSD_3_to_7_6,PSD_12_to_30_6,PSD_20_to_40_6,burstduration_7,burstinterval_7,kurtosis_7,CorrDim_7,PSD_3_to_7_7,PSD_12_to_30_7,PSD_20_to_40_7,burstduration_8,burstinterval_8,kurtosis_8,CorrDim_8,PSD_3_to_7_8,PSD_12_to_30_8,PSD_20_to_40_8,burstduration_9,burstinterval_9,kurtosis_9,CorrDim_9,PSD_3_to_7_9,PSD_12_to_30_9,PSD_20_to_40_9,burstduration_10,burstinterval_10,kurtosis_10,CorrDim_10,PSD_3_to_7_10,PSD_12_to_30_10,PSD_20_to_40_10,burstduration_11,burstinterval_11,kurtosis_11,CorrDim_11,PSD_3_to_7_11,PSD_12_to_30_11,PSD_20_to_40_11,burstduration_12,burstinterval_12,kurtosis_12,CorrDim_12,PSD_3_to_7_12,PSD_12_to_30_12,PSD_20_to_40_12,burstduration_13,burstinterval_13,kurtosis_13,CorrDim_13,PSD_3_to_7_13,PSD_12_to_30_13,PSD_20_to_40_13,burstduration_14,burstinterval_14,kurtosis_14,CorrDim_14,PSD_3_to_7_14,PSD_12_to_30_14,PSD_20_to_40_14,burstduration_15,burstinterval_15,kurtosis_15,CorrDim_15,PSD_3_to_7_15,PSD_12_to_30_15,PSD_20_to_40_15,burstduration_16,burstinterval_16,kurtosis_16,CorrDim_16,PSD_3_to_7_16,PSD_12_to_30_16,PSD_20_to_40_16
-0.030797069097562794,-0.017970856013409493,0.10322079364079134,0.025845290001444955,-0.05885958670156122,-0.06208838828339078,-0.05942807001018272,-0.010540161965487899,-0.02109806346007191,0.002070618975590648,-0.08911338193400833,0.16902695118410244,0.17130563592147546,0.1699504267289561,0.062295097464745625,-0.08213426588502631,-0.011018419452039784,-0.053992447409053616,-0.06283289391815594,-0.06269542792985157,-0.06225478961990673,0.042727156267597204,-0.04183557763230279,-0.11785099705258727,-0.054767863342499425,0.1893342688252036,0.18962028553353288,0.19018886143008057,-0.04211920976879568,0.029540608621633255,-0.0697971999383616,0.009345262162612455,0.02423742925338003,0.015490333670143101,0.018121674224039437,-0.04881991770554014,0.009145093959562894,-0.07597402242488953,-0.004071849994377082,0.06437311161036907,0.08052441180814902,0.060328278077951776,-0.028616995941109582,-0.02914500112531771,-0.06472615972748844,0.015340061651343467,0.10766050632461883,0.14898174736778413,0.16113247036594844,0.01562588252728636,-0.02669416991405076,-0.10837606562044022,0.018325518152620904,-0.00022935939735732667,0.001751561992126953,0.004784215517635363,-0.0120847561014306,-0.013512897534839474,-0.027991032727969732,-0.007917096146281884,0.047212368997032336,0.024945759151179074,0.044171363628279926,-0.037843386295134666,-0.07971822063320338,-0.017640663397720305,-0.09719531441612457,0.11093726530295771,0.07341409597458066,0.09359061580448669,0.054552714357242196,-0.06690733565772908,-0.11585981446369285,0.12247143365914238,0.1801611269642218,0.1848386893307524,0.18365556572313108,0.0949404145588488,-0.12995547546488678,-0.09667165428534079,0.07676093395041612,0.19036330611607472,0.19058988973972069,0.1911172339869442,-0.03164603251988392,0.04786585802587813,-0.038832489622266035,-0.042326493807634896,0.17503663877394984,0.176868547175733,0.17417566576562885,-0.04600547349223122,0.039262825863180806,0.082190614252301,-0.008746539787628236,-0.015211242910516764,-0.03136848217465257,-0.024164048216092988,-0.0003619173226954339,-0.02405676480415908,0.01684899391093498,-0.09253022002853359,0.17151907581042966,0.185524574954429,0.18521141881102388,-0.0016172794703190971,-0.1173483036433757,-0.12455878955677407,-0.03442839553216172,0.09670362390979022,0.10462601777984995,0.10627563799397122
0.0669123175406027,-0.0006222409845233025,-0.05991826061291633,0.0491391346820745,-0.08474891496993023,-0.08668556891453362,-0.08625232576701174,0.007595723634401072,0.020137663459857822,0.059172513875243,0.08460103084482579,-0.07646356340594758,-0.07318662561265514,-0.07994809828490032,-0.022933190977742973,0.002557821343784669,0.03072647475603407,0.05932058940628852,-0.07497756216931613,-0.07383333161657597,-0.07403531046930735,0.015334284924355106,0.03922823323184224,0.06851360516789895,0.029280898509613688,-0.04024185888199221,-0.04167934420538174,-0.04111024187603958,-0.011555577878880284,0.06289091941033761,0.09188120773252785,-0.10578592445188915,0.21598961287365526,0.21685773995007784,0.21813224521939026,0.02841902896589018,0.11115104300366173,-0.07094975265593582,0.03502162239964091,0.19362113618018664,0.19117699313913214,0.19810534159109053,0.06579694676511576,-0.08120213283242766,-0.07194351338849844,5.577407113435455e-05,-0.031190855792768226,-0.03891433092622029,-0.03991586865601357,0.057358273680190204,0.02522902840318422,0.030508244412099643,-0.09168387793936036,0.21761907903782235,0.2188021090235047,0.21923029319083015,0.0051305769520337595,0.02354768684084316,0.14273478150191338,-0.058181466887380955,0.004583416754819563,-0.027866459569298622,-0.06370563577819827,-0.06618876785984652,0.1465421115554696,0.13431933668848012,-0.006885929740429133,-0.09083808588382597,-0.09453464567788013,-0.09296574057845909,-0.0659124364177481,0.06299652595592138,0.12435239851240827,-0.07955283631929701,-0.055439550659888086,-0.057956569568323624,-0.05401832699444895,0.09699839540841795,-0.08637832882807395,-0.08542381681013862,0.132592667464662,-0.040965684635254435,-0.04497048441151615,-0.04521326145589442,-0.054561429615200475,0.10287070248132506,0.04676927912446103,-0.04735356384404107,0.08039633756745315,0.07437239054436906,0.08321750004087464,0.02535427381758599,-0.08211514782349869,-0.1485071748634871,0.11439676811174616,0.12589778833844825,0.10510023250966108,0.10620990420602543,0.03515288579267378,0.006118929104355592,0.1248303856748622,-0.04769584037681794,0.07506249603202703,0.04708828270766575,0.03779747572122342,0.08640221606190408,0.009422032448231112,-0.06871480780291114,-0.008001738402011824,0.16536792900694017,0.17411492678795118,0.16844167866723458
""
,burstduration_1,burstinterval_1,Ku_1,CorrDim_1
1cha_one_component,0.5689938115371855,-0.6365281784723156,-0.520473678900514,-0.013604044062901444
1cha_second_component,0.37519509746394925,0.16446882669400545,0.1856853281379348,0.8931403040951746
""
,burstduration_10,burstinterval_10,Ku_10,CorrDim_10
10cha_one_component,0.48981881596239085,-0.5738830472241364,-0.642288045390782,0.13491420379645097
10cha_second_component,0.3702700101726745,0.39317780553138015,0.10643350577373331,0.8348552219714319
""
,burstduration_11,burstinterval_11,Ku_11,CorrDim_11
11cha_one_component,0.4118113497541502,-0.4985866176642443,-0.6101603213348745,0.4577413889614054
11cha_second_component,0.056875283277561445,0.668016685075508,0.047982447082414004,0.7404165012915431
""
,burstduration_12,burstinterval_12,Ku_12,CorrDim_12
12cha_one_component,0.5000256541019804,-0.532172382612864,-0.509380923203027,0.4552998742596641
12cha_second_component,0.5296665897297529,-0.13425035690675804,-0.0845727834098994,-0.8332332144728534
""
,burstduration_13,burstinterval_13,Ku_13,CorrDim_13
13cha_one_component,0.6200211976153025,-0.6440376797791652,-0.3982856962668051,0.20532336857168132
13cha_second_component,0.332679072558191,-0.2444226719220315,0.5320111971615641,-0.7392876829942701
""
,burstduration_14,burstinterval_14,Ku_14,CorrDim_14
14cha_one_component,-0.45836755550384506,0.5586038241269912,0.5255833918480919,-0.44902455383373724
14cha_second_component,0.7069363990920857,-0.16954000117250845,0.2505214046719603,-0.6393247542855893
""
,burstduration_15,burstinterval_15,Ku_15,CorrDim_15
15cha_one_component,-0.09666922824291155,0.7143377151326932,0.6929928222073968,-0.01173189749995697
15cha_second_component,0.4942526194475419,-0.2753239018345263,0.34003290743975945,-0.7511915329035059
""
,burstduration_16,burstinterval_16,Ku_16,CorrDim_16
16cha_one_component,-0.09572009470957772,0.6691337178984016,0.6535732507349638,0.34049924664231407
16cha_second_component,0.8508688334992601,0.027325506245851783,-0.1631508182367109,0.49865554784511124
""
,burstduration_2,burstinterval_2,Ku_2,CorrDim_2
2cha_one_component,0.5409932613058342,-0.6288824664883939,-0.5560306694098439,0.05160454670658463
2cha_second_component,0.040527934763562326,0.11537131218410991,0.0010567509719588003,0.992494750669292
""
,burstduration_3,burstinterval_3,Ku_3,CorrDim_3
3cha_one_component,-0.5573511658564864,0.5972613208096728,0.549715294402369,0.1745041193875301
3cha_second_component,0.3486065478767509,0.03393305177550735,0.019308167416380584,0.9364556676349802
""
,burstduration_4,burstinterval_4,Ku_4,CorrDim_4
4cha_one_component,-0.5985617636094694,0.6298515965032175,0.4942647516156248,0.026704622023443453
4cha_second_component,0.2997456811471654,0.03726823591569139,0.2660457856604293,0.915414247845028
""
,burstduration_5,burstinterval_5,Ku_5,CorrDim_5
5cha_one_component,0.6130255420314957,-0.6231497338861066,-0.44621066687425615,0.19178147653591746
5cha_second_component,0.3107063440453222,-0.27353438032909677,0.47514475397705164,-0.7764521706557673
""
,burstduration_6,burstinterval_6,Ku_6,CorrDim_6
6cha_one_component,0.2086962086606186,-0.47566722420093266,0.605521380034386,-0.6029348577026515
6cha_second_component,0.9181962716179976,0.031995197240228174,0.09118853064668266,0.3841569549271055
""
,burstduration_7,burstinterval_7,Ku_7,CorrDim_7
7cha_one_component,-0.38271099703002054,0.4772603854869951,0.5954598885512046,-0.5207517050607513
7cha_second_component,0.63301149754145,-0.4705995705442414,0.3311477128967972,-0.5178548835601795
""
,burstduration_8,burstinterval_8,Ku_8,CorrDim_8
8cha_one_component,0.6795929318602986,-0.3725743379714831,0.317409296456619,-0.5464367741775333
8cha_second_component,-0.0037774985844985075,0.691910413647455,0.719602463976757,-0.05846369667778212
""
,burstduration_9,burstinterval_9,Ku_9,CorrDim_9
9cha_one_component,0.588154447459629,-0.5933349516990549,-0.47453117555786745,0.2772149787609013
9cha_second_component,-0.20122476761158742,0.46816462485486277,-0.38536548403824394,0.7693009298357428
""
